14
14
14
14
14
14
14
14
14
14
14
14
14
14
14
14
14
14
14
14
14
14
14
14
13.7717
13.2992
12.9182
12.5203
12.3045
12.1187
11.6328
11.2204
10.8198
10.0028
9.42827
8.92928
8.17915
7.74578
7.38857
6.98408
6.78671
6.63349
6.50704
6.47074
6.45542
6.46137
6.4629
6.4611
6.39423
6.30969
6.21582
6.00673
5.8424
5.68323
5.43236
5.27343
5.13104
4.94904
4.85368
4.77558
4.70425
4.68302
4.6736
4.69258
4.71957
4.75063
4.80508
4.84059
4.87347
4.90875
4.92127
4.92837
4.91696
4.89753
4.87467
4.82576
4.78817
4.75129
4.69543
4.66114
4.63043
4.59422
4.57723
4.56423
4.55711
4.55912
4.56369
4.5788
4.59214
4.60592
4.62782
4.64157
4.65407
4.66832
4.67444
4.67878
4.67902
4.67578
4.67139
4.66059
4.65182
4.64301
4.62931
4.62076
4.61301
4.60386
4.5996
4.59637
4.59486
4.5957
4.59721
4.60179
4.60576
4.60984
4.61635
4.62048
4.62425
4.62872
4.63078
4.63234
4.63295
4.6324
4.6315
4.62894
4.62675
4.62451
4.62093
4.61865
4.61656
4.61404
4.61284
4.61191
4.61142
4.6116
4.61197
4.61318
4.61426
4.61537
4.61719
4.61835
4.61943
4.62074
4.62137
4.62186
4.62213
4.62205
4.62186
4.62123
4.62067
4.62009
4.61913
4.61851
4.61793
4.61722
4.61687
4.6166
4.61643
4.61645
4.61653
4.61684
4.61712
4.61742
4.61791
4.61824
4.61854
4.61891
4.6191
4.61925
4.61935
4.61934
4.6193
4.61915
4.619
4.61885
4.61859
4.61842
4.61826
4.61806
4.61796
4.61788
4.61782
4.61782
4.61784
4.61791
4.61799
4.61806
4.6182
4.61829
4.61837
4.61848
4.61853
4.61858
4.61861
4.61861
4.6186
4.61857
4.61853
4.61849
4.61842
4.61837
4.61833
4.61827
4.61824
4.61822
4.6182
4.6182
4.6182
4.61822
4.61824
4.61826
4.61829
4.61832
4.61834
4.61837
4.61839
4.6184
4.61841
4.61841
4.61841
4.6184
4.61839
4.61838
4.61836
4.61835
4.61834
4.61832
4.61832
4.61831
4.6183
4.6183
4.6183
4.61831
4.61831
4.61832
4.61833
4.61833
4.61834
4.61835
4.61835
4.61836
4.61836
4.61836
4.61836
4.61836
4.61835
4.61835
4.61835
4.61834
4.61834
4.61834
4.61833
4.61833
4.61833
4.61833
4.61833
4.61833
4.61833
4.61833
4.61834
4.61834
4.61834
4.61834
4.61834
4.61834
4.61834
4.61834
4.61834
4.61834
4.61834
4.61834
4.61834
4.61834
4.61834
4.61834
4.61834
4.61834
4.61834
4.61834
4.61834
4.61834
4.61834
4.61834
4.61834
4.61834
4.61834
4.61834
4.61834
4.61834
4.61834
4.61834
4.61834
4.61834
4.61834
4.61834
4.61834
4.61834
4.61834
4.61834
4.61834
4.61834
4.61834
4.61834
4.61834
4.61834
4.61834
4.61834
4.61834
4.61834
4.61834
4.61834
4.61834
4.61834
4.61834
4.61834
4.61834
4.61834
4.61834
4.61834
4.61834
4.61834
4.61834
4.61834
4.61834
4.61834
4.61834
4.61834
4.61834
4.61834
4.61834
4.61834
4.61834
4.61834
4.61834
4.61834
4.61834
4.61834
4.61834
4.61834
4.61834
4.61834
4.61834
4.61834
4.61834
4.61834
4.61834
4.61834
4.61834
4.61834
4.61834
4.61834
4.61834
4.61834
4.61834
4.61834
4.61834
4.61834
4.61834
4.61834
4.61834
4.61834
4.61834
4.61834
4.61834
4.61834
4.61834
4.61834
4.61834
4.61834
4.61834
4.61834
4.61834
4.61834
4.61834
4.61834
4.61834
4.61834
4.61834
4.61834
4.61834
4.61834
4.61834
4.61834
4.61834
4.61834
4.61834
4.61834
4.61834
4.61834
4.61834
4.61834
4.61834
4.61834
4.61834
4.61834
4.61834
4.61834
4.61834
4.61834
4.61834
4.61834
4.61834
4.61834
4.61834
4.61834
4.61834
4.61834
4.61834
4.61834
4.61834
4.61834
4.61834
4.61834
4.61834
4.61834
4.61834
4.61834
4.61834
4.61834
4.61834
4.61834
4.61834
4.61834
4.61834
4.61834
4.61834
4.61834
4.61834
4.61834
4.61834
4.61834
4.61834
4.61834
4.61834
4.61834
4.61834
4.61834
4.61834
4.61834
4.61834
4.61834
4.61834
4.61834
4.61834
4.61834
4.61834
4.61834
4.61834
4.61834
4.61834
4.61834
4.61834
4.61834
4.61834
4.61834
4.61834
4.61834
4.61834
4.61834
4.61834
4.61834
4.61834
4.61834
4.61834
4.61834
4.61834
4.61834
4.61834
4.61834
4.61834
4.61834
4.61834
4.61834
4.61834
4.61834
4.61834
4.61834
4.61834
4.61834
4.61834
4.61834
4.61834
4.61834
4.61834
4.61834
4.61834
4.61834
4.61834
4.61834
4.61834
4.61834
4.61834
4.61834
4.61834
4.61834
4.61834
4.61834
4.61834
4.61834
4.61834
4.61834
4.61834
4.61834
4.61834
4.61834
4.61834
4.61834
4.61834
4.61834
4.61834
4.61834
4.61834
4.61834
4.61834
4.61834
4.61834
4.61834
4.61834
4.61834
4.61834
4.61834
4.61834
4.61834
4.61834
4.61834
4.61834
4.61834
4.61834
4.61834
4.61834
4.61834
4.61834
4.61834
4.61834
4.61834
4.61834
4.61834
4.61834
4.61834
4.61834
4.61834
4.61834
4.61834
4.61834
4.61834
4.61834
4.61834
4.61834
4.61834
4.61834
4.61834
4.61834
4.61834
4.61834
4.61834
4.61834
4.61834
4.61834
4.61834
4.61834
4.61834
4.61834
4.61834
4.61834
4.61834
4.61834
4.61834
4.61834
4.61834
4.61834
4.61834
4.61834
4.61834
4.61834
4.61834
4.61834
4.61834
4.61834
4.61834
4.61834
4.61834
4.61834
4.61834
4.61834
4.61834
4.61834
4.61834
4.61834
4.61834
4.61834
4.61834
4.61834
4.61834
4.61834
4.61834
4.61834
4.61834
4.61834
4.61834
4.61834
4.61834
4.61834
4.61834
4.61834
4.61834
4.61834
4.61834
4.61834
4.61834
4.61834
4.61834
4.61834
4.61834
4.61834
4.61834
4.61834
4.61834
4.61834
4.61834
4.61834
4.61834
4.61834
4.61834
4.61834
4.61834
4.61834
4.61834
4.61834
4.61834
4.61834
4.61834
4.61834
4.61834
4.61834
4.61834
4.61834
4.61834
4.61834
4.61834
4.61834
4.61834
4.61834
4.61834
4.61834
4.61834
4.61834
4.61834
4.61834
4.61834
4.61834
4.61834
4.61834
4.61834
4.61834
4.61834
4.61834
4.61834
4.61834
4.61834
4.61834
4.61834
4.61834
4.61834
4.61834
4.61834
4.61834
4.61834
4.61834
4.61834
4.61834
4.61834
4.61834
4.61834
4.61834
4.61834
4.61834
4.61834
4.61834
4.61834
4.61834
4.61834
4.61834
4.61834
4.61834
4.61834
4.61834
4.61834
4.61834
4.61834
4.61834
4.61834
4.61834
4.61834
4.61834
4.61834
4.61834
4.61834
4.61834
4.61834
4.61834
4.61834
4.61834
4.61834
4.61834
4.61834
4.61834
4.61834
4.61834
4.61834
4.61834
4.61834
4.61834
4.61834
4.61834
4.61834
4.61834
4.61834
4.61834
4.61834
4.61834
4.61834
4.61834
4.61834
4.61834
4.61834
4.61834
4.61834
4.61834
4.61834
4.61834
4.61834
4.61834
4.61834
4.61834
4.61834
4.61834
4.61834
4.61834
4.61834
4.61834
4.61834
4.61834
4.61834
4.61834
4.61834
4.61834
4.61834
4.61834
4.61834
4.61834
4.61834
4.61834
4.61834
4.61834
4.61834
4.61834
4.61834
4.61834
4.61834
4.61834
4.61834
4.61834
4.61834
4.61834
4.61834
4.61834
4.61834
4.61834
4.61834
4.61834
4.61834
4.61834
4.61834
4.61834
4.61834
4.61834
4.61834
4.61834
4.61834
4.61834
4.61834
4.61834
4.61834
4.61834
4.61834
4.61834
4.61834
4.61834
4.61834
4.61834
4.61834
4.61834
4.61834
4.61834
4.61834
4.61834
4.61834
4.61834
4.61834
4.61834
4.61834
4.61834
4.61834
4.61834
4.61834
4.61834
4.61834
4.61834
4.61834
4.61834
4.61834
4.61834
4.61834
4.61834
4.61834
4.61834
4.61834
4.61834
4.61834
4.61834
4.61834
4.61834
4.61834
4.61834
4.61834
4.61834
4.61834
4.61834
4.61834
4.61834
4.61834
4.61834
4.61834
4.61834
4.61834
4.61834
4.61834
4.61834
4.61834
4.61834
4.61834
4.61834
4.61834
4.61834
4.61834
4.61834
4.61834
4.61834
4.61834
4.61834
4.61834
4.61834
4.61834
4.61834
4.61834
4.61834
4.61834
4.61834
4.61834
4.61834
4.61834
4.61834
4.61834
4.61834
4.61834
4.61834
4.61834
4.61834
4.61834
4.61834
4.61834
4.61834
4.61834
4.61834
4.61834
4.61834
4.61834
4.61834
4.61834
4.61834
4.61834
4.61834
4.61834
4.61834
4.61834
4.61834
4.61834
4.61834
4.61834
4.61834
4.61834
4.61834
4.61834
4.61834
4.61834
4.61834
4.61834
4.61834
4.61834
4.61834
4.61834
4.61834
4.61834
4.61834
4.61834
4.61834
4.61834
4.61834
4.61834
4.61834
4.61834
4.61834
4.61834
4.61834
4.61834
4.61834
4.61834
4.61834
4.61834
4.61834
4.61834
4.61834
4.61834
4.61834
4.61834
4.61834
4.61834
4.61834
4.61834
4.61834
4.61834
4.61834
4.61834
4.61834
4.61834
4.61834
4.61834
4.61834
4.61834
4.61834
4.61834
4.61834
4.61834
4.61834
4.61834
4.61834
4.61834
4.61834
4.61834
4.61834
4.61834
4.61834
4.61834
4.61834
4.61834
4.61834
4.61834
4.61834
4.61834
4.61834
4.61834
4.61834
4.61834
4.61834
4.61834
4.61834
4.61834
4.61834
4.61834
4.61834
4.61834
4.61834
4.61834
4.61834
4.61834
4.61834
4.61834
4.61834
4.61834
4.61834
4.61834
4.61834
4.61834
4.61834
4.61834
4.61834
4.61834
4.61834
4.61834
4.61834
4.61834
4.61834
4.61834
4.61834
4.61834
4.61834
4.61834
4.61834
4.61834
4.61834
4.61834
